2
1 33 34
2 2 94
3 78 92
4 57 52
5 4 24
6 54 58
7 44 64
8 60 17
9 13 29
10 33 82
11 58 47
12 68 72
13 40 56
14 89 83
15 53 93
16 63 99
17 60 63
18 100 8
19 5 70
20 43 68
21 56 91
22 25 94
23 22 91
24 72 33
25 27 74
26 58 71
27 63 64
28 61 32
29 92 84
30 -1 -1
1 44 28
2 89 24
3 54 32
4 38 85
5 14 48
6 11 10
7 29 57
8 97 21
9 64 3
10 81 31
11 96 14
12 41 26
13 33 41
14 93 46
15 38 59
16 11 56
17 1 44
18 55 26
19 91 15
20 29 84
21 75 59
22 19 62
23 84 21
24 11 14
25 18 95
26 40 18
27 83 99
28 84 66
29 6 35
30 51 21
31 27 8
32 3 86
33 87 40
34 100 68
35 91 38
36 39 55
37 99 16
38 10 63
39 60 83
40 91 6
41 69 72
42 36 11
43 39 66
44 5 10
45 43 32
46 39 13
47 27 54
48 73 23
49 15 63
50 3 24
51 27 9
52 26 37
53 80 74
54 56 74
55 54 36
56 55 9
57 26 30
58 13 90
59 16 21
60 65 87
61 49 17
62 57 10
63 12 70
64 62 39
65 52 32
66 1 58
67 43 73
68 74 33
69 93 65
70 10 46
71 63 85
72 27 19
73 88 50
74 43 56
75 48 83
76 51 69
77 68 22
78 5 60
79 80 66
80 32 83
81 28 35
82 51 97
83 56 84
84 98 44
85 1 88
86 100 36
87 47 67
88 9 86
89 58 12
90 32 38
91 87 90
92 69 31
93 39 2
94 84 73
95 74 91
96 100 87
97 63 18
98 38 50
99 3 5
100 17 65
101 83 46
102 53 16
103 22 39
104 78 38
105 60 76
106 12 21
107 52 94
108 9 37
109 9 33
110 18 1
111 15 88
112 63 33
113 33 2
114 20 85
115 2 18
116 85 96
117 39 50
118 11 35
119 32 40
120 80 87
121 78 3
122 90 11
123 97 25
124 98 96
125 20 45
126 33 60
127 13 61
128 61 11
129 78 5
130 86 19
131 39 26
132 40 30
133 20 81
134 2 59
135 55 88
136 42 76
137 78 96
138 47 20
139 64 6
140 98 78
141 28 39
142 18 24
143 22 13
144 31 43
145 94 83
146 47 53
147 80 26
148 3 98
149 4 11
150 2 38
151 92 42
152 71 60
153 4 48
154 19 89
155 87 74
156 11 24
157 22 31
158 94 42
159 80 48
160 64 31
161 1 11
162 17 57
163 96 39
164 45 75
165 55 41
166 59 38
167 68 38
168 33 84
169 22 46
170 25 52
171 51 61
172 69 50
173 15 42
174 15 67
175 76 74
176 2 87
177 45 80
178 15 93
179 26 95
180 65 22
181 20 45
182 52 99
183 42 5
184 21 57
185 25 61
186 9 39
187 97 71
188 93 88
189 32 67
190 81 2
191 61 17
192 20 65
193 96 49
194 68 45
195 4 55
196 40 28
197 17 13
198 34 55
199 55 18
200 40 90
201 12 20
202 17 64
203 17 78
204 1 66
205 46 25
206 95 76
207 72 72
208 45 24
209 94 11
210 36 99
211 31 80
212 63 41
213 21 7
214 76 5
215 91 100
216 36 39
217 65 40
218 38 78
219 45 25
220 80 20
221 83 83
222 99 30
223 1 39
224 49 95
225 57 6
226 85 52
227 36 91
228 42 91
229 17 7
230 48 73
231 85 55
232 96 60
233 50 40
234 63 69
235 46 24
236 59 5
237 28 31
238 11 83
239 68 82
240 46 73
241 25 48
242 81 20
243 24 10
244 83 39
245 94 63
246 11 21
247 85 66
248 100 45
249 38 74
250 14 29
251 52 50
252 1 6
253 27 52
254 62 11
255 99 10
256 37 97
257 69 41
258 30 94
259 52 45
260 72 71
261 52 60
262 91 76
263 99 85
264 56 87
265 92 58
266 9 83
267 27 19
268 68 75
269 97 69
270 97 68
271 22 16
272 65 89
273 89 7
274 18 57
275 4 47
276 30 100
277 98 32
278 55 34
279 100 77
280 19 17
281 82 54
282 4 60
283 67 11
284 99 39
285 11 57
286 30 10
287 67 56
288 86 27
289 61 39
290 70 24
291 87 13
292 52 6
293 7 79
294 22 90
295 79 57
296 90 61
297 35 90
298 87 76
299 42 72
300 96 88
301 93 57
302 94 92
303 54 69
304 3 15
305 16 59
306 95 18
307 5 48
308 30 57
309 68 90
310 10 68
311 7 33
312 43 27
313 9 45
314 55 52
315 69 99
316 2 93
317 94 90
318 2 65
319 97 81
320 74 76
321 50 8
322 26 7
323 14 37
324 40 87
325 94 16
326 15 52
327 47 61
328 67 44
329 85 31
330 85 78
331 87 30
332 48 30
333 45 15
334 16 34
335 14 1
336 56 60
337 43 83
338 89 55
339 81 35
340 15 19
341 55 70
342 33 61
343 35 17
344 71 80
345 95 21
346 8 44
347 24 61
348 18 7
349 97 44
350 62 32
351 16 93
352 12 86
353 14 41
354 10 36
355 71 45
356 45 79
357 29 50
358 76 3
359 61 11
360 87 30
361 54 89
362 84 53
363 4 59
364 86 31
365 68 27
366 4 33
367 51 45
368 74 48
369 76 44
370 99 82
371 90 28
372 88 62
373 79 70
374 47 22
375 80 52
376 67 81
377 86 4
378 72 9
379 93 18
380 61 18
381 74 29
382 19 69
383 26 19
384 17 79
385 33 48
386 59 30
387 6 1
388 98 75
389 11 24
390 84 86
391 18 100
392 85 51
393 31 29
394 23 84
395 60 43
396 99 54
397 46 8
398 57 13
399 15 10
400 99 87
401 42 29
402 41 66
403 74 5
404 44 3
405 78 20
406 40 27
407 64 73
408 15 24
409 88 36
410 3 18
411 15 18
412 76 77
413 49 90
414 79 86
415 65 99
416 91 24
417 100 32
418 26 70
419 1 83
420 87 74
421 6 90
422 55 27
423 81 51
424 25 26
425 35 25
426 38 6
427 34 67
428 69 45
429 98 34
430 71 76
431 14 74
432 85 28
433 51 51
434 9 14
435 23 59
436 38 46
437 83 16
438 62 57
439 81 99
440 82 99
441 43 29
442 23 46
443 67 40
444 10 10
445 81 46
446 4 80
447 34 92
448 41 44
449 68 52
450 28 75
451 31 57
452 41 50
453 62 63
454 80 63
455 75 15
456 37 28
457 67 18
458 54 66
459 48 16
460 67 79
461 22 99
462 59 46
463 39 66
464 22 55
465 68 45
466 72 18
467 48 45
468 46 79
469 9 45
470 73 62
471 25 83
472 26 22
473 52 12
474 74 74
475 73 8
476 52 91
477 97 94
478 71 72
479 80 2
480 10 67
481 19 25
482 32 4
483 66 95
484 90 98
485 3 14
486 78 43
487 76 68
488 57 89
489 32 10
490 2 87
491 7 61
492 70 1
493 48 91
494 58 94
495 47 84
496 54 4
497 21 43
498 15 44
499 49 25
500 3 15
501 70 29
502 43 81
503 60 40
504 15 53
505 44 2
506 8 10
507 82 43
508 25 36
509 23 6
510 50 39
511 98 38
512 2 96
513 77 17
514 46 79
515 53 9
516 13 16
517 46 57
518 76 86
519 10 60
520 25 42
521 6 2
522 3 16
523 99 31
524 87 72
525 15 10
526 35 75
527 98 48
528 38 44
529 92 33
530 11 92
531 68 41
532 29 71
533 62 61
534 96 36
535 94 95
536 89 81
537 45 76
538 38 62
539 72 84
540 74 29
541 58 71
542 76 65
543 6 78
544 60 95
545 89 32
546 32 57
547 32 26
548 67 95
549 32 42
550 16 20
551 63 62
552 61 20
553 31 33
554 65 86
555 3 14
556 18 1
557 56 52
558 63 26
559 55 85
560 79 70
561 93 27
562 75 27
563 26 32
564 66 88
565 39 61
566 57 60
567 78 73
568 56 60
569 85 94
570 23 34
571 72 14
572 10 68
573 65 29
574 85 24
575 79 45
576 77 61
577 78 20
578 21 42
579 23 58
580 99 1
581 73 49
582 30 1
583 90 46
584 75 67
585 55 35
586 70 24
587 5 12
588 4 78
589 77 23
590 32 11
591 59 19
592 34 65
593 46 83
594 92 76
595 18 84
596 86 95
597 13 9
598 51 5
599 86 73
600 100 35
601 75 35
602 100 48
603 12 93
604 96 1
605 65 86
606 64 51
607 96 77
608 11 90
609 35 26
610 71 90
611 30 98
612 88 16
613 52 31
614 100 15
615 40 15
616 84 78
617 24 98
618 11 90
619 26 34
620 6 47
621 12 73
622 60 31
623 17 48
624 71 11
625 86 23
626 23 9
627 91 2
628 2 34
629 88 46
630 1 49
631 40 65
632 26 33
633 60 54
634 87 72
635 85 23
636 24 83
637 65 10
638 9 38
639 57 56
640 9 46
641 8 22
642 90 20
643 60 37
644 62 51
645 78 57
646 10 92
647 78 41
648 87 88
649 11 52
650 97 46
651 31 8
652 92 53
653 80 77
654 52 74
655 17 65
656 65 10
657 38 30
658 93 22
659 67 59
660 16 65
661 16 26
662 34 62
663 39 44
664 65 45
665 1 29
666 12 53
667 100 32
668 3 72
669 25 41
670 70 45
671 13 32
672 52 66
673 30 45
674 100 24
675 38 75
676 7 76
677 61 26
678 75 95
679 47 86
680 28 45
681 91 33
682 12 49
683 28 56
684 15 94
685 25 27
686 49 33
687 76 65
688 40 1
689 11 48
690 78 100
691 90 18
692 45 43
693 36 36
694 99 23
695 22 100
696 71 81
697 9 17
698 67 66
699 86 6
700 55 58
701 60 37
702 21 47
703 50 7
704 55 27
705 81 95
706 43 64
707 28 55
708 15 59
709 7 100
710 44 24
711 9 97
712 31 94
713 84 78
714 83 4
715 48 1
716 90 77
717 75 24
718 60 71
719 7 3
720 78 77
721 39 39
722 94 38
723 2 46
724 13 93
725 54 29
726 70 17
727 83 24
728 31 99
729 76 85
730 95 21
731 67 54
732 80 33
733 69 1
734 66 67
735 37 8
736 2 73
737 29 10
738 35 93
739 75 69
740 59 29
741 100 41
742 42 95
743 13 86
744 29 4
745 2 30
746 62 62
747 5 39
748 18 97
749 95 80
750 46 59
751 27 51
752 8 23
753 36 71
754 18 6
755 33 82
756 84 46
757 9 24
758 53 32
759 19 76
760 10 52
761 7 37
762 19 11
763 27 34
764 51 2
765 80 43
766 30 66
767 24 63
768 29 16
769 59 71
770 31 51
771 55 93
772 91 37
773 72 59
774 55 28
775 7 40
776 15 3
777 21 61
778 78 65
779 12 88
780 10 5
781 74 62
782 70 89
783 47 99
784 53 67
785 10 87
786 12 34
787 7 13
788 91 74
789 61 10
790 63 95
791 82 72
792 44 59
793 97 35
794 14 85
795 12 80
796 44 71
797 92 64
798 77 25
799 9 71
800 53 70
801 37 58
802 72 1
803 65 19
804 82 90
805 41 13
806 63 96
807 2 44
808 3 56
809 41 96
810 97 29
811 1 38
812 98 19
813 36 62
814 46 63
815 2 70
816 94 12
817 31 12
818 74 88
819 36 9
820 38 7
821 75 10
822 2 87
823 64 50
824 83 11
825 59 5
826 50 22
827 13 87
828 63 32
829 77 50
830 83 93
831 79 95
832 93 61
833 72 66
834 97 65
835 57 34
836 29 26
837 52 66
838 42 18
839 26 96
840 22 30
841 93 45
842 37 63
843 11 83
844 61 62
845 17 28
846 10 64
847 19 9
848 70 73
849 45 70
850 94 18
851 78 14
852 60 63
853 99 89
854 5 73
855 78 70
856 71 33
857 78 19
858 23 76
859 82 1
860 33 76
861 78 77
862 17 93
863 37 43
864 83 63
865 84 100
866 26 55
867 95 91
868 60 44
869 78 37
870 5 59
871 7 93
872 40 40
873 19 55
874 20 53
875 96 69
876 70 6
877 62 32
878 51 19
879 90 76
880 37 91
881 49 66
882 38 68
883 98 47
884 19 88
885 54 3
886 56 4
887 7 69
888 2 52
889 40 66
890 25 53
891 39 47
892 93 20
893 29 11
894 62 43
895 37 17
896 42 45
897 15 10
898 43 71
899 49 89
900 48 24
901 85 15
902 45 99
903 18 49
904 47 52
905 38 20
906 65 14
907 89 87
908 41 71
909 33 1
910 72 11
911 51 87
912 59 79
913 62 100
914 81 3
915 19 16
916 54 58
917 16 50
918 58 1
919 36 88
920 76 98
921 60 88
922 55 49
923 26 62
924 91 14
925 55 83
926 36 24
927 92 41
928 53 52
929 71 97
930 24 41
931 27 85
932 89 75
933 87 2
934 59 11
935 7 98
936 66 23
937 64 96
938 52 71
939 12 77
940 71 18
941 31 67
942 82 99
943 88 44
944 87 13
945 7 86
946 86 12
947 2 71
948 61 39
949 14 73
950 1 38
951 43 16
952 29 65
953 34 76
954 52 35
955 55 20
956 26 10
957 44 42
958 20 16
959 34 86
960 25 75
961 63 28
962 44 45
963 38 1
964 56 45
965 100 65
966 38 7
967 68 10
968 16 21
969 66 100
970 17 66
971 70 55
972 88 3
973 64 59
974 69 47
975 66 49
976 42 80
977 30 35
978 37 75
979 72 31
980 94 56
981 6 50
982 56 21
983 19 35
984 24 51
985 63 52
986 34 2
987 85 87
988 87 34
989 22 9
990 77 82
991 34 43
992 91 39
993 45 70
994 100 60
995 95 96
996 91 86
997 76 95
998 36 54
999 53 39
1000 -1 -1